0
2
6
12
20
30
42
56
72
90
110
132
156
182
210
240
272
306
342
380
420
462
506
552
600
650
702
756
812
870
930
992
1056
1122
1190
1260
1332
1406
1482
1560
1640
1722
1806
1892
1980
2070
2162
2256
2352
2450
2550
2652
2756
2862
2970
3080
3192
3306
3422
3540
3660
3782
3906
4032
4160
4290
4422
4556
4692
4830
4970
5112
5256
5402
5550
5700
5852
6006
6162
6320
6480
6642
6806
6972
7140
7310
7482
7656
7832
8010
8190
8372
8556
8742
8930
9120
9312
9506
9702
9900
10100
10302
10506
10712
10920
11130
11342
11556
11772
11990
12210
12432
12656
12882
13110
13340
13572
13806
14042
14280
14520
14762
15006
15252
15500
15750
16002
16256
16512
16770
17030
17292
17556
17822
18090
18360
18632
18906
19182
19460
19740
20022
20306
20592
20880
21170
21462
21756
22052
22350
22650
22952
23256
23562
23870
24180
24492
24806
25122
25440
25760
26082
26406
26732
27060
27390
27722
28056
28392
28730
29070
29412
29756
30102
30450
30800
31152
31506
31862
32220
32580
32942
33306
33672
34040
34410
34782
35156
35532
35910
36290
36672
37056
37442
37830
38220
38612
39006
39402
39800
40200
40602
41006
41412
41820
42230
42642
43056
43472
43890
44310
44732
45156
45582
46010
46440
46872
47306
47742
48180
48620
49062
49506
49952
50400
50850
51302
51756
52212
52670
53130
53592
54056
54522
54990
55460
55932
56406
56882
57360
57840
58322
58806
59292
59780
60270
60762
61256
61752
62250
62750
63252
63756
64262
64770
65280
65792
66306
66822
67340
67860
68382
68906
69432
69960
70490
71022
71556
72092
72630
73170
73712
74256
74802
75350
75900
76452
77006
77562
78120
78680
79242
79806
80372
80940
81510
82082
82656
83232
83810
84390
84972
85556
86142
86730
87320
87912
88506
89102
89700
90300
90902
91506
92112
92720
93330
93942
94556
95172
95790
96410
97032
97656
98282
98910
99540
100172
100806
101442
102080
102720
103362
104006
104652
105300
105950
106602
107256
107912
108570
109230
109892
110556
111222
111890
112560
113232
113906
114582
115260
115940
116622
117306
117992
118680
119370
120062
120756
121452
122150
122850
123552
124256
124962
125670
126380
127092
127806
128522
129240
129960
130682
131406
132132
132860
133590
134322
135056
135792
136530
137270
138012
138756
139502
140250
141000
141752
142506
143262
144020
144780
145542
146306
147072
147840
148610
149382
150156
150932
151710
152490
153272
154056
154842
155630
156420
157212
158006
158802
159600
160400
161202
162006
162812
163620
164430
165242
166056
166872
167690
168510
169332
170156
170982
171810
172640
173472
174306
175142
175980
176820
177662
178506
179352
180200
181050
181902
182756
183612
184470
185330
186192
187056
187922
188790
189660
190532
191406
192282
193160
194040
194922
195806
196692
197580
198470
199362
200256
201152
202050
202950
203852
204756
205662
206570
207480
208392
209306
210222
211140
212060
212982
213906
214832
215760
216690
217622
218556
219492
220430
221370
222312
223256
224202
225150
226100
227052
228006
228962
229920
230880
231842
232806
233772
234740
235710
236682
237656
238632
239610
240590
241572
242556
243542
244530
245520
246512
247506
248502
249500
250500
251502
252506
253512
254520
255530
256542
257556
258572
259590
260610
261632
262656
263682
264710
265740
266772
267806
268842
269880
270920
271962
273006
274052
275100
276150
277202
278256
279312
280370
281430
282492
283556
284622
285690
286760
287832
288906
289982
291060
292140
293222
294306
295392
296480
297570
298662
299756
300852
301950
303050
304152
305256
306362
307470
308580
309692
310806
311922
313040
314160
315282
316406
317532
318660
319790
320922
322056
323192
324330
325470
326612
327756
328902
330050
331200
332352
333506
334662
335820
336980
338142
339306
340472
341640
342810
343982
345156
346332
347510
348690
349872
351056
352242
353430
354620
355812
357006
358202
359400
360600
361802
363006
364212
365420
366630
367842
369056
370272
371490
372710
373932
375156
376382
377610
378840
380072
381306
382542
383780
385020
386262
387506
388752
390000
391250
392502
393756
395012
396270
397530
398792
400056
401322
402590
403860
405132
406406
407682
408960
410240
411522
412806
414092
415380
416670
417962
419256
420552
421850
423150
424452
425756
427062
428370
429680
430992
432306
433622
434940
436260
437582
438906
440232
441560
442890
444222
445556
446892
448230
449570
450912
452256
453602
454950
456300
457652
459006
460362
461720
463080
464442
465806
467172
468540
469910
471282
472656
474032
475410
476790
478172
479556
480942
482330
483720
485112
486506
487902
489300
490700
492102
493506
494912
496320
497730
499142
500556
501972
503390
504810
506232
507656
509082
510510
511940
513372
514806
516242
517680
519120
520562
522006
523452
524900
526350
527802
529256
530712
532170
533630
535092
536556
538022
539490
540960
542432
543906
545382
546860
548340
549822
551306
552792
554280
555770
557262
558756
560252
561750
563250
564752
566256
567762
569270
570780
572292
573806
575322
576840
578360
579882
581406
582932
584460
585990
587522
589056
590592
592130
593670
595212
596756
598302
599850
601400
602952
604506
606062
607620
609180
610742
612306
613872
615440
617010
618582
620156
621732
623310
624890
626472
628056
629642
631230
632820
634412
636006
637602
639200
640800
642402
644006
645612
647220
648830
650442
652056
653672
655290
656910
658532
660156
661782
663410
665040
666672
668306
669942
671580
673220
674862
676506
678152
679800
681450
683102
684756
686412
688070
689730
691392
693056
694722
696390
698060
699732
701406
703082
704760
706440
708122
709806
711492
713180
714870
716562
718256
719952
721650
723350
725052
726756
728462
730170
731880
733592
735306
737022
738740
740460
742182
743906
745632
747360
749090
750822
752556
754292
756030
757770
759512
761256
763002
764750
766500
768252
770006
771762
773520
775280
777042
778806
780572
782340
784110
785882
787656
789432
791210
792990
794772
796556
798342
800130
801920
803712
805506
807302
809100
810900
812702
814506
816312
818120
819930
821742
823556
825372
827190
829010
830832
832656
834482
836310
838140
839972
841806
843642
845480
847320
849162
851006
852852
854700
856550
858402
860256
862112
863970
865830
867692
869556
871422
873290
875160
877032
878906
880782
882660
884540
886422
888306
890192
892080
893970
895862
897756
899652
901550
903450
905352
907256
909162
911070
912980
914892
916806
918722
920640
922560
924482
926406
928332
930260
932190
934122
936056
937992
939930
941870
943812
945756
947702
949650
951600
953552
955506
957462
959420
961380
963342
965306
967272
969240
971210
973182
975156
977132
979110
981090
983072
985056
987042
989030
991020
993012
995006
997002
999000
1001000
1003002
1005006
1007012
1009020
1011030
1013042
1015056
1017072
1019090
1021110
1023132
1025156
1027182
1029210
1031240
1033272
1035306
1037342
1039380
1041420
1043462
1045506
1047552
1049600
1051650
1053702
1055756
1057812
1059870
1061930
1063992
1066056
1068122
1070190
1072260
1074332
1076406
1078482
1080560
1082640
1084722
1086806
1088892
1090980
1093070
1095162
1097256
1099352
1101450
1103550
1105652
1107756
1109862
1111970
1114080
1116192
1118306
1120422
1122540
1124660
1126782
1128906
1131032
1133160
1135290
1137422
1139556
1141692
1143830
1145970
1148112
1150256
1152402
1154550
1156700
1158852
1161006
1163162
1165320
1167480
1169642
1171806
1173972
1176140
1178310
1180482
1182656
1184832
1187010
1189190
1191372
1193556
1195742
1197930
1200120
1202312
1204506
1206702
1208900
1211100
1213302
1215506
1217712
1219920
1222130
1224342
1226556
1228772
1230990
1233210
1235432
1237656
1239882
1242110
1244340
1246572
1248806
1251042
1253280
1255520
1257762
1260006
1262252
1264500
1266750
1269002
1271256
1273512
1275770
1278030
1280292
1282556
1284822
1287090
1289360
1291632
1293906
1296182
1298460
1300740
1303022
1305306
1307592
1309880
1312170
1314462
1316756
1319052
1321350
1323650
1325952
1328256
1330562
1332870
1335180
1337492
1339806
1342122
1344440
1346760
1349082
1351406
1353732
1356060
1358390
1360722
1363056
1365392
1367730
1370070
1372412
1374756
1377102
1379450
1381800
1384152
1386506
1388862
1391220
1393580
1395942
1398306
1400672
1403040
1405410
1407782
1410156
1412532
1414910
1417290
1419672
1422056
1424442
1426830
1429220
1431612
1434006
1436402
1438800
1441200
1443602
1446006
1448412
1450820
1453230
1455642
1458056
1460472
1462890
1465310
1467732
1470156
1472582
1475010
1477440
1479872
1482306
1484742
1487180
1489620
1492062
1494506
1496952
1499400
1501850
1504302
1506756
1509212
1511670
1514130
1516592
1519056
1521522
1523990
1526460
1528932
1531406
1533882
1536360
1538840
1541322
1543806
1546292
1548780
1551270
1553762
1556256
1558752
1561250
1563750
1566252
1568756
1571262
1573770
1576280
1578792
1581306
1583822
1586340
1588860
1591382
1593906
1596432
1598960
1601490
1604022
1606556
1609092
1611630
1614170
1616712
1619256
1621802
1624350
1626900
1629452
1632006
1634562
1637120
1639680
1642242
1644806
1647372
1649940
1652510
1655082
1657656
1660232
1662810
1665390
1667972
1670556
1673142
1675730
1678320
1680912
1683506
1686102
1688700
1691300
1693902
1696506
1699112
1701720
1704330
1706942
1709556
1712172
1714790
1717410
1720032
1722656
1725282
1727910
1730540
1733172
1735806
1738442
1741080
1743720
1746362
1749006
1751652
1754300
1756950
1759602
1762256
1764912
1767570
1770230
1772892
1775556
1778222
1780890
1783560
1786232
1788906
1791582
1794260
1796940
1799622
1802306
1804992
1807680
1810370
1813062
1815756
1818452
1821150
1823850
1826552
1829256
1831962
1834670
1837380
1840092
1842806
1845522
1848240
1850960
1853682
1856406
1859132
1861860
1864590
1867322
1870056
1872792
1875530
1878270
1881012
1883756
1886502
1889250
1892000
1894752
1897506
1900262
1903020
1905780
1908542
1911306
1914072
1916840
1919610
1922382
1925156
1927932
1930710
1933490
1936272
1939056
1941842
1944630
1947420
1950212
1953006
1955802
1958600
1961400
1964202
1967006
1969812
1972620
1975430
1978242
1981056
1983872
1986690
1989510
1992332
1995156
1997982
2000810
2003640
2006472
2009306
2012142
2014980
2017820
2020662
2023506
2026352
2029200
2032050
2034902
2037756
2040612
2043470
2046330
2049192
2052056
2054922
2057790
2060660
2063532
2066406
2069282
2072160
2075040
2077922
2080806
2083692
2086580
2089470
2092362
2095256
2098152
2101050
2103950
2106852
2109756
2112662
2115570
2118480
2121392
2124306
2127222
2130140
2133060
2135982
2138906
2141832
2144760
2147690
2150622
2153556
2156492
2159430
2162370
2165312
2168256
2171202
2174150
2177100
2180052
2183006
2185962
2188920
2191880
2194842
2197806
2200772
2203740
2206710
2209682
2212656
2215632
2218610
2221590
2224572
2227556
2230542
2233530
2236520
2239512
2242506
2245502
2248500
2251500
2254502
2257506
2260512
2263520
2266530
2269542
2272556
2275572
2278590
2281610
2284632
2287656
2290682
2293710
2296740
2299772
2302806
2305842
2308880
2311920
2314962
2318006
2321052
2324100
2327150
2330202
2333256
2336312
2339370
2342430
2345492
2348556
2351622
2354690
2357760
2360832
2363906
2366982
2370060
2373140
2376222
2379306
2382392
2385480
2388570
2391662
2394756
2397852
2400950
2404050
2407152
2410256
2413362
2416470
2419580
2422692
2425806
2428922
2432040
2435160
2438282
2441406
2444532
2447660
2450790
2453922
2457056
2460192
2463330
2466470
2469612
2472756
2475902
2479050
2482200
2485352
2488506
2491662
2494820
2497980
2501142
2504306
2507472
2510640
2513810
2516982
2520156
2523332
2526510
2529690
2532872
2536056
2539242
2542430
2545620
2548812
2552006
2555202
2558400
2561600
2564802
2568006
2571212
2574420
2577630
2580842
2584056
2587272
2590490
2593710
2596932
2600156
2603382
2606610
2609840
2613072
2616306
2619542
2622780
2626020
2629262
2632506
2635752
2639000
2642250
2645502
2648756
2652012
2655270
2658530
2661792
2665056
2668322
2671590
2674860
2678132
2681406
2684682
2687960
2691240
2694522
2697806
2701092
2704380
2707670
2710962
2714256
2717552
2720850
2724150
2727452
2730756
2734062
2737370
2740680
2743992
2747306
2750622
2753940
2757260
2760582
2763906
2767232
2770560
2773890
2777222
2780556
2783892
2787230
2790570
2793912
2797256
2800602
2803950
2807300
2810652
2814006
2817362
2820720
2824080
2827442
2830806
2834172
2837540
2840910
2844282
2847656
2851032
2854410
2857790
2861172
2864556
2867942
2871330
2874720
2878112
2881506
2884902
2888300
2891700
2895102
2898506
2901912
2905320
2908730
2912142
2915556
2918972
2922390
2925810
2929232
2932656
2936082
2939510
2942940
2946372
2949806
2953242
2956680
2960120
2963562
2967006
2970452
2973900
2977350
2980802
2984256
2987712
2991170
2994630
2998092
3001556
3005022
3008490
3011960
3015432
3018906
3022382
3025860
3029340
3032822
3036306
3039792
3043280
3046770
3050262
3053756
3057252
3060750
3064250
3067752
3071256
3074762
3078270
3081780
3085292
3088806
3092322
3095840
3099360
3102882
3106406
3109932
3113460
3116990
3120522
3124056
3127592
3131130
3134670
3138212
3141756
3145302
3148850
3152400
3155952
3159506
3163062
3166620
3170180
3173742
3177306
3180872
3184440
3188010
3191582
3195156
3198732
3202310
3205890
3209472
3213056
3216642
3220230
3223820
3227412
3231006
3234602
3238200
3241800
3245402
3249006
3252612
3256220
3259830
3263442
3267056
3270672
3274290
3277910
3281532
3285156
3288782
3292410
3296040
3299672
3303306
3306942
3310580
3314220
3317862
3321506
3325152
3328800
3332450
3336102
3339756
3343412
3347070
3350730
3354392
3358056
3361722
3365390
3369060
3372732
3376406
3380082
3383760
3387440
3391122
3394806
3398492
3402180
3405870
3409562
3413256
3416952
3420650
3424350
3428052
3431756
3435462
3439170
3442880
3446592
3450306
3454022
3457740
3461460
3465182
3468906
3472632
3476360
3480090
3483822
3487556
3491292
3495030
3498770
3502512
3506256
3510002
3513750
3517500
3521252
3525006
3528762
3532520
3536280
3540042
3543806
3547572
3551340
3555110
3558882
3562656
3566432
3570210
3573990
3577772
3581556
3585342
3589130
3592920
3596712
3600506
3604302
3608100
3611900
3615702
3619506
3623312
3627120
3630930
3634742
3638556
3642372
3646190
3650010
3653832
3657656
3661482
3665310
3669140
3672972
3676806
3680642
3684480
3688320
3692162
3696006
3699852
3703700
3707550
3711402
3715256
3719112
3722970
3726830
3730692
3734556
3738422
3742290
3746160
3750032
3753906
3757782
3761660
3765540
3769422
3773306
3777192
3781080
3784970
3788862
3792756
3796652
3800550
3804450
3808352
3812256
3816162
3820070
3823980
3827892
3831806
3835722
3839640
3843560
3847482
3851406
3855332
3859260
3863190
3867122
3871056
3874992
3878930
3882870
3886812
3890756
3894702
3898650
3902600
3906552
3910506
3914462
3918420
3922380
3926342
3930306
3934272
3938240
3942210
3946182
3950156
3954132
3958110
3962090
3966072
3970056
3974042
3978030
3982020
3986012
3990006
3994002
3998000
4002000
4006002
4010006
4014012
4018020
4022030
4026042
4030056
4034072
4038090
4042110
4046132
4050156
4054182
4058210
4062240
4066272
4070306
4074342
4078380
4082420
4086462
4090506
4094552
4098600
4102650
4106702
4110756
4114812
4118870
4122930
4126992
4131056
4135122
4139190
4143260
4147332
4151406
4155482
4159560
4163640
4167722
4171806
4175892
4179980
4184070
4188162
4192256
4196352
4200450
4204550
4208652
4212756
4216862
4220970
4225080
4229192
4233306
4237422
4241540
4245660
4249782
4253906
4258032
4262160
4266290
4270422
4274556
4278692
4282830
4286970
4291112
4295256
4299402
4303550
4307700
4311852
4316006
4320162
4324320
4328480
4332642
4336806
4340972
4345140
4349310
4353482
4357656
4361832
4366010
4370190
4374372
4378556
4382742
4386930
4391120
4395312
4399506
4403702
4407900
4412100
4416302
4420506
4424712
4428920
4433130
4437342
4441556
4445772
4449990
4454210
4458432
4462656
4466882
4471110
4475340
4479572
4483806
4488042
4492280
4496520
4500762
4505006
4509252
4513500
4517750
4522002
4526256
4530512
4534770
4539030
4543292
4547556
4551822
4556090
4560360
4564632
4568906
4573182
4577460
4581740
4586022
4590306
4594592
4598880
4603170
4607462
4611756
4616052
4620350
4624650
4628952
4633256
4637562
4641870
4646180
4650492
4654806
4659122
4663440
4667760
4672082
4676406
4680732
4685060
4689390
4693722
4698056
4702392
4706730
4711070
4715412
4719756
4724102
4728450
4732800
4737152
4741506
4745862
4750220
4754580
4758942
4763306
4767672
4772040
4776410
4780782
4785156
4789532
4793910
4798290
4802672
4807056
4811442
4815830
4820220
4824612
4829006
4833402
4837800
4842200
4846602
4851006
4855412
4859820
4864230
4868642
4873056
4877472
4881890
4886310
4890732
4895156
4899582
4904010
4908440
4912872
4917306
4921742
4926180
4930620
4935062
4939506
4943952
4948400
4952850
4957302
4961756
4966212
4970670
4975130
4979592
4984056
4988522
4992990
4997460
5001932
5006406
5010882
5015360
5019840
5024322
5028806
5033292
5037780
5042270
5046762
5051256
5055752
5060250
5064750
5069252
5073756
5078262
5082770
5087280
5091792
5096306
5100822
5105340
5109860
5114382
5118906
5123432
5127960
5132490
5137022
5141556
5146092
5150630
5155170
5159712
5164256
5168802
5173350
5177900
5182452
5187006
5191562
5196120
5200680
5205242
5209806
5214372
5218940
5223510
5228082
5232656
5237232
5241810
5246390
5250972
5255556
5260142
5264730
5269320
5273912
5278506
5283102
5287700
5292300
5296902
5301506
5306112
5310720
5315330
5319942
5324556
5329172
5333790
5338410
5343032
5347656
5352282
5356910
5361540
5366172
5370806
5375442
5380080
5384720
5389362
5394006
5398652
5403300
5407950
5412602
5417256
5421912
5426570
5431230
5435892
5440556
5445222
5449890
5454560
5459232
5463906
5468582
5473260
5477940
5482622
5487306
5491992
5496680
5501370
5506062
5510756
5515452
5520150
5524850
5529552
5534256
5538962
5543670
5548380
5553092
5557806
5562522
5567240
5571960
5576682
5581406
5586132
5590860
5595590
5600322
5605056
5609792
5614530
5619270
5624012
5628756
5633502
5638250
5643000
5647752
5652506
5657262
5662020
5666780
5671542
5676306
5681072
5685840
5690610
5695382
5700156
5704932
5709710
5714490
5719272
5724056
5728842
5733630
5738420
5743212
5748006
5752802
5757600
5762400
5767202
5772006
5776812
5781620
5786430
5791242
5796056
5800872
5805690
5810510
5815332
5820156
5824982
5829810
5834640
5839472
5844306
5849142
5853980
5858820
5863662
5868506
5873352
5878200
5883050
5887902
5892756
5897612
5902470
5907330
5912192
5917056
5921922
5926790
5931660
5936532
5941406
5946282
5951160
5956040
5960922
5965806
5970692
5975580
5980470
5985362
5990256
5995152
6000050
6004950
6009852
6014756
6019662
6024570
6029480
6034392
6039306
6044222
6049140
6054060
6058982
6063906
6068832
6073760
6078690
6083622
6088556
6093492
6098430
6103370
6108312
6113256
6118202
6123150
6128100
6133052
6138006
6142962
6147920
6152880
6157842
6162806
6167772
6172740
6177710
6182682
6187656
6192632
6197610
6202590
6207572
6212556
6217542
6222530
6227520
6232512
6237506
6242502
6247500
6252500
6257502
6262506
6267512
6272520
6277530
6282542
6287556
6292572
6297590
6302610
6307632
6312656
6317682
6322710
6327740
6332772
6337806
6342842
6347880
6352920
6357962
6363006
6368052
6373100
6378150
6383202
6388256
6393312
6398370
6403430
6408492
6413556
6418622
6423690
6428760
6433832
6438906
6443982
6449060
6454140
6459222
6464306
6469392
6474480
6479570
6484662
6489756
6494852
6499950
6505050
6510152
6515256
6520362
6525470
6530580
6535692
6540806
6545922
6551040
6556160
6561282
6566406
6571532
6576660
6581790
6586922
6592056
6597192
6602330
6607470
6612612
6617756
6622902
6628050
6633200
6638352
6643506
6648662
6653820
6658980
6664142
6669306
6674472
6679640
6684810
6689982
6695156
6700332
6705510
6710690
6715872
6721056
6726242
6731430
6736620
6741812
6747006
6752202
6757400
6762600
6767802
6773006
6778212
6783420
6788630
6793842
6799056
6804272
6809490
6814710
6819932
6825156
6830382
6835610
6840840
6846072
6851306
6856542
6861780
6867020
6872262
6877506
6882752
6888000
6893250
6898502
6903756
6909012
6914270
6919530
6924792
6930056
6935322
6940590
6945860
6951132
6956406
6961682
6966960
6972240
6977522
6982806
6988092
6993380
6998670
7003962
7009256
7014552
7019850
7025150
7030452
7035756
7041062
7046370
7051680
7056992
7062306
7067622
7072940
7078260
7083582
7088906
7094232
7099560
7104890
7110222
7115556
7120892
7126230
7131570
7136912
7142256
7147602
7152950
7158300
7163652
7169006
7174362
7179720
7185080
7190442
7195806
7201172
7206540
7211910
7217282
7222656
7228032
7233410
7238790
7244172
7249556
7254942
7260330
7265720
7271112
7276506
7281902
7287300
7292700
7298102
7303506
7308912
7314320
7319730
7325142
7330556
7335972
7341390
7346810
7352232
7357656
7363082
7368510
7373940
7379372
7384806
7390242
7395680
7401120
7406562
7412006
7417452
7422900
7428350
7433802
7439256
7444712
7450170
7455630
7461092
7466556
7472022
7477490
7482960
7488432
7493906
7499382
7504860
7510340
7515822
7521306
7526792
7532280
7537770
7543262
7548756
7554252
7559750
7565250
7570752
7576256
7581762
7587270
7592780
7598292
7603806
7609322
7614840
7620360
7625882
7631406
7636932
7642460
7647990
7653522
7659056
7664592
7670130
7675670
7681212
7686756
7692302
7697850
7703400
7708952
7714506
7720062
7725620
7731180
7736742
7742306
7747872
7753440
7759010
7764582
7770156
7775732
7781310
7786890
7792472
7798056
7803642
7809230
7814820
7820412
7826006
7831602
7837200
7842800
7848402
7854006
7859612
7865220
7870830
7876442
7882056
7887672
7893290
7898910
7904532
7910156
7915782
7921410
7927040
7932672
7938306
7943942
7949580
7955220
7960862
7966506
7972152
7977800
7983450
7989102
7994756
8000412
8006070
8011730
8017392
8023056
8028722
8034390
8040060
8045732
8051406
8057082
8062760
8068440
8074122
8079806
8085492
8091180
8096870
8102562
8108256
8113952
8119650
8125350
8131052
8136756
8142462
8148170
8153880
8159592
8165306
8171022
8176740
8182460
8188182
8193906
8199632
8205360
8211090
8216822
8222556
8228292
8234030
8239770
8245512
8251256
8257002
8262750
8268500
8274252
8280006
8285762
8291520
8297280
8303042
8308806
8314572
8320340
8326110
8331882
8337656
8343432
8349210
8354990
8360772
8366556
8372342
8378130
8383920
8389712
8395506
8401302
8407100
8412900
8418702
8424506
8430312
8436120
8441930
8447742
8453556
8459372
8465190
8471010
8476832
8482656
8488482
8494310
8500140
8505972
8511806
8517642
8523480
8529320
8535162
8541006
8546852
8552700
8558550
8564402
8570256
8576112
8581970
8587830
8593692
8599556
8605422
8611290
8617160
8623032
8628906
8634782
8640660
8646540
8652422
8658306
8664192
8670080
8675970
8681862
8687756
8693652
8699550
8705450
8711352
8717256
8723162
8729070
8734980
8740892
8746806
8752722
8758640
8764560
8770482
8776406
8782332
8788260
8794190
8800122
8806056
8811992
8817930
8823870
8829812
8835756
8841702
8847650
8853600
8859552
8865506
8871462
8877420
8883380
8889342
8895306
8901272
8907240
8913210
8919182
8925156
8931132
8937110
8943090
8949072
8955056
8961042
8967030
8973020
8979012
8985006
8991002
8997000
9003000
9009002
9015006
9021012
9027020
9033030
9039042
9045056
9051072
9057090
9063110
9069132
9075156
9081182
9087210
9093240
9099272
9105306
9111342
9117380
9123420
9129462
9135506
9141552
9147600
9153650
9159702
9165756
9171812
9177870
9183930
9189992
9196056
9202122
9208190
9214260
9220332
9226406
9232482
9238560
9244640
9250722
9256806
9262892
9268980
9275070
9281162
9287256
9293352
9299450
9305550
9311652
9317756
9323862
9329970
9336080
9342192
9348306
9354422
9360540
9366660
9372782
9378906
9385032
9391160
9397290
9403422
9409556
9415692
9421830
9427970
9434112
9440256
9446402
9452550
9458700
9464852
9471006
9477162
9483320
9489480
9495642
9501806
9507972
9514140
9520310
9526482
9532656
9538832
9545010
9551190
9557372
9563556
9569742
9575930
9582120
9588312
9594506
9600702
9606900
9613100
9619302
9625506
9631712
9637920
9644130
9650342
9656556
9662772
9668990
9675210
9681432
9687656
9693882
9700110
9706340
9712572
9718806
9725042
9731280
9737520
9743762
9750006
9756252
9762500
9768750
9775002
9781256
9787512
9793770
9800030
9806292
9812556
9818822
9825090
9831360
9837632
9843906
9850182
9856460
9862740
9869022
9875306
9881592
9887880
9894170
9900462
9906756
9913052
9919350
9925650
9931952
9938256
9944562
9950870
9957180
9963492
9969806
9976122
9982440
9988760
9995082
10001406
10007732
10014060
10020390
10026722
10033056
10039392
10045730
10052070
10058412
10064756
10071102
10077450
10083800
10090152
10096506
10102862
10109220
10115580
10121942
10128306
10134672
10141040
10147410
10153782
10160156
10166532
10172910
10179290
10185672
10192056
10198442
10204830
10211220
10217612
10224006
10230402
10236800
10243200
10249602
10256006
10262412
10268820
10275230
10281642
10288056
10294472
10300890
10307310
10313732
10320156
10326582
10333010
10339440
10345872
10352306
10358742
10365180
10371620
10378062
10384506
10390952
10397400
10403850
10410302
10416756
10423212
10429670
10436130
10442592
10449056
10455522
10461990
10468460
10474932
10481406
10487882
10494360
10500840
10507322
10513806
10520292
10526780
10533270
10539762
10546256
10552752
10559250
10565750
10572252
10578756
10585262
10591770
10598280
10604792
10611306
10617822
10624340
10630860
10637382
10643906
10650432
10656960
10663490
10670022
10676556
10683092
10689630
10696170
10702712
10709256
10715802
10722350
10728900
10735452
10742006
10748562
10755120
10761680
10768242
10774806
10781372
10787940
10794510
10801082
10807656
10814232
10820810
10827390
10833972
10840556
10847142
10853730
10860320
10866912
10873506
10880102
10886700
10893300
10899902
10906506
10913112
10919720
10926330
10932942
10939556
10946172
10952790
10959410
10966032
10972656
10979282
10985910
10992540
10999172
11005806
11012442
11019080
11025720
11032362
11039006
11045652
11052300
11058950
11065602
11072256
11078912
11085570
11092230
11098892
11105556
11112222
11118890
11125560
11132232
11138906
11145582
11152260
11158940
11165622
11172306
11178992
11185680
11192370
11199062
11205756
11212452
11219150
11225850
11232552
11239256
11245962
11252670
11259380
11266092
11272806
11279522
11286240
11292960
11299682
11306406
11313132
11319860
11326590
11333322
11340056
11346792
11353530
11360270
11367012
11373756
11380502
11387250
11394000
11400752
11407506
11414262
11421020
11427780
11434542
11441306
11448072
11454840
11461610
11468382
11475156
11481932
11488710
11495490
11502272
11509056
11515842
11522630
11529420
11536212
11543006
11549802
11556600
11563400
11570202
11577006
11583812
11590620
11597430
11604242
11611056
11617872
11624690
11631510
11638332
11645156
11651982
11658810
11665640
11672472
11679306
11686142
11692980
11699820
11706662
11713506
11720352
11727200
11734050
11740902
11747756
11754612
11761470
11768330
11775192
11782056
11788922
11795790
11802660
11809532
11816406
11823282
11830160
11837040
11843922
11850806
11857692
11864580
11871470
11878362
11885256
11892152
11899050
11905950
11912852
11919756
11926662
11933570
11940480
11947392
11954306
11961222
11968140
11975060
11981982
11988906
11995832
12002760
12009690
12016622
12023556
12030492
12037430
12044370
12051312
12058256
12065202
12072150
12079100
12086052
12093006
12099962
12106920
12113880
12120842
12127806
12134772
12141740
12148710
12155682
12162656
12169632
12176610
12183590
12190572
12197556
12204542
12211530
12218520
12225512
12232506
12239502
12246500
12253500
12260502
12267506
12274512
12281520
12288530
12295542
12302556
12309572
12316590
12323610
12330632
12337656
12344682
12351710
12358740
12365772
12372806
12379842
12386880
12393920
12400962
12408006
12415052
12422100
12429150
12436202
12443256
12450312
12457370
12464430
12471492
12478556
12485622
12492690
12499760
12506832
12513906
12520982
12528060
12535140
12542222
12549306
12556392
12563480
12570570
12577662
12584756
12591852
12598950
12606050
12613152
12620256
12627362
12634470
12641580
12648692
12655806
12662922
12670040
12677160
12684282
12691406
12698532
12705660
12712790
12719922
12727056
12734192
12741330
12748470
12755612
12762756
12769902
12777050
12784200
12791352
12798506
12805662
12812820
12819980
12827142
12834306
12841472
12848640
12855810
12862982
12870156
12877332
12884510
12891690
12898872
12906056
12913242
12920430
12927620
12934812
12942006
12949202
12956400
12963600
12970802
12978006
12985212
12992420
12999630
13006842
13014056
13021272
13028490
13035710
13042932
13050156
13057382
13064610
13071840
13079072
13086306
13093542
13100780
13108020
13115262
13122506
13129752
13137000
13144250
13151502
13158756
13166012
13173270
13180530
13187792
13195056
13202322
13209590
13216860
13224132
13231406
13238682
13245960
13253240
13260522
13267806
13275092
13282380
13289670
13296962
13304256
13311552
13318850
13326150
13333452
13340756
13348062
13355370
13362680
13369992
13377306
13384622
13391940
13399260
13406582
13413906
13421232
13428560
13435890
13443222
13450556
13457892
13465230
13472570
13479912
13487256
13494602
13501950
13509300
13516652
13524006
13531362
13538720
13546080
13553442
13560806
13568172
13575540
13582910
13590282
13597656
13605032
13612410
13619790
13627172
13634556
13641942
13649330
13656720
13664112
13671506
13678902
13686300
13693700
13701102
13708506
13715912
13723320
13730730
13738142
13745556
13752972
13760390
13767810
13775232
13782656
13790082
13797510
13804940
13812372
13819806
13827242
13834680
13842120
13849562
13857006
13864452
13871900
13879350
13886802
13894256
13901712
13909170
13916630
13924092
13931556
13939022
13946490
13953960
13961432
13968906
13976382
13983860
13991340
13998822
14006306
14013792
14021280
14028770
14036262
14043756
14051252
14058750
14066250
14073752
14081256
14088762
14096270
14103780
14111292
14118806
14126322
14133840
14141360
14148882
14156406
14163932
14171460
14178990
14186522
14194056
14201592
14209130
14216670
14224212
14231756
14239302
14246850
14254400
14261952
14269506
14277062
14284620
14292180
14299742
14307306
14314872
14322440
14330010
14337582
14345156
14352732
14360310
14367890
14375472
14383056
14390642
14398230
14405820
14413412
14421006
14428602
14436200
14443800
14451402
14459006
14466612
14474220
14481830
14489442
14497056
14504672
14512290
14519910
14527532
14535156
14542782
14550410
14558040
14565672
14573306
14580942
14588580
14596220
14603862
14611506
14619152
14626800
14634450
14642102
14649756
14657412
14665070
14672730
14680392
14688056
14695722
14703390
14711060
14718732
14726406
14734082
14741760
14749440
14757122
14764806
14772492
14780180
14787870
14795562
14803256
14810952
14818650
14826350
14834052
14841756
14849462
14857170
14864880
14872592
14880306
14888022
14895740
14903460
14911182
14918906
14926632
14934360
14942090
14949822
14957556
14965292
14973030
14980770
14988512
14996256
15004002
15011750
15019500
15027252
15035006
15042762
15050520
15058280
15066042
15073806
15081572
15089340
15097110
15104882
15112656
15120432
15128210
15135990
15143772
15151556
15159342
15167130
15174920
15182712
15190506
15198302
15206100
15213900
15221702
15229506
15237312
15245120
15252930
15260742
15268556
15276372
15284190
15292010
15299832
15307656
15315482
15323310
15331140
15338972
15346806
15354642
15362480
15370320
15378162
15386006
15393852
15401700
15409550
15417402
15425256
15433112
15440970
15448830
15456692
15464556
15472422
15480290
15488160
15496032
15503906
15511782
15519660
15527540
15535422
15543306
15551192
15559080
15566970
15574862
15582756
15590652
15598550
15606450
15614352
15622256
15630162
15638070
15645980
15653892
15661806
15669722
15677640
15685560
15693482
15701406
15709332
15717260
15725190
15733122
15741056
15748992
15756930
15764870
15772812
15780756
15788702
15796650
15804600
15812552
15820506
15828462
15836420
15844380
15852342
15860306
15868272
15876240
15884210
15892182
15900156
15908132
15916110
15924090
15932072
15940056
15948042
15956030
15964020
15972012
15980006
15988002
15996000
16004000
16012002
16020006
16028012
16036020
16044030
16052042
16060056
16068072
16076090
16084110
16092132
16100156
16108182
16116210
16124240
16132272
16140306
16148342
16156380
16164420
16172462
16180506
16188552
16196600
16204650
16212702
16220756
16228812
16236870
16244930
16252992
16261056
16269122
16277190
16285260
16293332
16301406
16309482
16317560
16325640
16333722
16341806
16349892
16357980
16366070
16374162
16382256
16390352
16398450
16406550
16414652
16422756
16430862
16438970
16447080
16455192
16463306
16471422
16479540
16487660
16495782
16503906
16512032
16520160
16528290
16536422
16544556
16552692
16560830
16568970
16577112
16585256
16593402
16601550
16609700
16617852
16626006
16634162
16642320
16650480
16658642
16666806
16674972
16683140
16691310
16699482
16707656
16715832
16724010
16732190
16740372
16748556
16756742
16764930
16773120
16781312
16789506
16797702
16805900
16814100
16822302
16830506
16838712
16846920
16855130
16863342
16871556
16879772
16887990
16896210
16904432
16912656
16920882
16929110
16937340
16945572
16953806
16962042
16970280
16978520
16986762
16995006
17003252
17011500
17019750
17028002
17036256
17044512
17052770
17061030
17069292
17077556
17085822
17094090
17102360
17110632
17118906
17127182
17135460
17143740
17152022
17160306
17168592
17176880
17185170
17193462
17201756
17210052
17218350
17226650
17234952
17243256
17251562
17259870
17268180
17276492
17284806
17293122
17301440
17309760
17318082
17326406
17334732
17343060
17351390
17359722
17368056
17376392
17384730
17393070
17401412
17409756
17418102
17426450
17434800
17443152
17451506
17459862
17468220
17476580
17484942
17493306
17501672
17510040
17518410
17526782
17535156
17543532
17551910
17560290
17568672
17577056
17585442
17593830
17602220
17610612
17619006
17627402
17635800
17644200
17652602
17661006
17669412
17677820
17686230
17694642
17703056
17711472
17719890
17728310
17736732
17745156
17753582
17762010
17770440
17778872
17787306
17795742
17804180
17812620
17821062
17829506
17837952
17846400
17854850
17863302
17871756
17880212
17888670
17897130
17905592
17914056
17922522
17930990
17939460
17947932
17956406
17964882
17973360
17981840
17990322
17998806
18007292
18015780
18024270
18032762
18041256
18049752
18058250
18066750
18075252
18083756
18092262
18100770
18109280
18117792
18126306
18134822
18143340
18151860
18160382
18168906
18177432
18185960
18194490
18203022
18211556
18220092
18228630
18237170
18245712
18254256
18262802
18271350
18279900
18288452
18297006
18305562
18314120
18322680
18331242
18339806
18348372
18356940
18365510
18374082
18382656
18391232
18399810
18408390
18416972
18425556
18434142
18442730
18451320
18459912
18468506
18477102
18485700
18494300
18502902
18511506
18520112
18528720
18537330
18545942
18554556
18563172
18571790
18580410
18589032
18597656
18606282
18614910
18623540
18632172
18640806
18649442
18658080
18666720
18675362
18684006
18692652
18701300
18709950
18718602
18727256
18735912
18744570
18753230
18761892
18770556
18779222
18787890
18796560
18805232
18813906
18822582
18831260
18839940
18848622
18857306
18865992
18874680
18883370
18892062
18900756
18909452
18918150
18926850
18935552
18944256
18952962
18961670
18970380
18979092
18987806
18996522
19005240
19013960
19022682
19031406
19040132
19048860
19057590
19066322
19075056
19083792
19092530
19101270
19110012
19118756
19127502
19136250
19145000
19153752
19162506
19171262
19180020
19188780
19197542
19206306
19215072
19223840
19232610
19241382
19250156
19258932
19267710
19276490
19285272
19294056
19302842
19311630
19320420
19329212
19338006
19346802
19355600
19364400
19373202
19382006
19390812
19399620
19408430
19417242
19426056
19434872
19443690
19452510
19461332
19470156
19478982
19487810
19496640
19505472
19514306
19523142
19531980
19540820
19549662
19558506
19567352
19576200
19585050
19593902
19602756
19611612
19620470
19629330
19638192
19647056
19655922
19664790
19673660
19682532
19691406
19700282
19709160
19718040
19726922
19735806
19744692
19753580
19762470
19771362
19780256
19789152
19798050
19806950
19815852
19824756
19833662
19842570
19851480
19860392
19869306
19878222
19887140
19896060
19904982
19913906
19922832
19931760
19940690
19949622
19958556
19967492
19976430
19985370
19994312
20003256
20012202
20021150
20030100
20039052
20048006
20056962
20065920
20074880
20083842
20092806
20101772
20110740
20119710
20128682
20137656
20146632
20155610
20164590
20173572
20182556
20191542
20200530
20209520
20218512
20227506
20236502
20245500
20254500
20263502
20272506
20281512
20290520
20299530
20308542
20317556
20326572
20335590
20344610
20353632
20362656
20371682
20380710
20389740
20398772
20407806
20416842
20425880
20434920
20443962
20453006
20462052
20471100
20480150
20489202
20498256
20507312
20516370
20525430
20534492
20543556
20552622
20561690
20570760
20579832
20588906
20597982
20607060
20616140
20625222
20634306
20643392
20652480
20661570
20670662
20679756
20688852
20697950
20707050
20716152
20725256
20734362
20743470
20752580
20761692
20770806
20779922
20789040
20798160
20807282
20816406
20825532
20834660
20843790
20852922
20862056
20871192
20880330
20889470
20898612
20907756
20916902
20926050
20935200
20944352
20953506
20962662
20971820
20980980
20990142
20999306
21008472
21017640
21026810
21035982
21045156
21054332
21063510
21072690
21081872
21091056
21100242
21109430
21118620
21127812
21137006
21146202
21155400
21164600
21173802
21183006
21192212
21201420
21210630
21219842
21229056
21238272
21247490
21256710
21265932
21275156
21284382
21293610
21302840
21312072
21321306
21330542
21339780
21349020
21358262
21367506
21376752
21386000
21395250
21404502
21413756
21423012
21432270
21441530
21450792
21460056
21469322
21478590
21487860
21497132
21506406
21515682
21524960
21534240
21543522
21552806
21562092
21571380
21580670
21589962
21599256
21608552
21617850
21627150
21636452
21645756
21655062
21664370
21673680
21682992
21692306
21701622
21710940
21720260
21729582
21738906
21748232
21757560
21766890
21776222
21785556
21794892
21804230
21813570
21822912
21832256
21841602
21850950
21860300
21869652
21879006
21888362
21897720
21907080
21916442
21925806
21935172
21944540
21953910
21963282
21972656
21982032
21991410
22000790
22010172
22019556
22028942
22038330
22047720
22057112
22066506
22075902
22085300
22094700
22104102
22113506
22122912
22132320
22141730
22151142
22160556
22169972
22179390
22188810
22198232
22207656
22217082
22226510
22235940
22245372
22254806
22264242
22273680
22283120
22292562
22302006
22311452
22320900
22330350
22339802
22349256
22358712
22368170
22377630
22387092
22396556
22406022
22415490
22424960
22434432
22443906
22453382
22462860
22472340
22481822
22491306
22500792
22510280
22519770
22529262
22538756
22548252
22557750
22567250
22576752
22586256
22595762
22605270
22614780
22624292
22633806
22643322
22652840
22662360
22671882
22681406
22690932
22700460
22709990
22719522
22729056
22738592
22748130
22757670
22767212
22776756
22786302
22795850
22805400
22814952
22824506
22834062
22843620
22853180
22862742
22872306
22881872
22891440
22901010
22910582
22920156
22929732
22939310
22948890
22958472
22968056
22977642
22987230
22996820
23006412
23016006
23025602
23035200
23044800
23054402
23064006
23073612
23083220
23092830
23102442
23112056
23121672
23131290
23140910
23150532
23160156
23169782
23179410
23189040
23198672
23208306
23217942
23227580
23237220
23246862
23256506
23266152
23275800
23285450
23295102
23304756
23314412
23324070
23333730
23343392
23353056
23362722
23372390
23382060
23391732
23401406
23411082
23420760
23430440
23440122
23449806
23459492
23469180
23478870
23488562
23498256
23507952
23517650
23527350
23537052
23546756
23556462
23566170
23575880
23585592
23595306
23605022
23614740
23624460
23634182
23643906
23653632
23663360
23673090
23682822
23692556
23702292
23712030
23721770
23731512
23741256
23751002
23760750
23770500
23780252
23790006
23799762
23809520
23819280
23829042
23838806
23848572
23858340
23868110
23877882
23887656
23897432
23907210
23916990
23926772
23936556
23946342
23956130
23965920
23975712
23985506
23995302
24005100
24014900
24024702
24034506
24044312
24054120
24063930
24073742
24083556
24093372
24103190
24113010
24122832
24132656
24142482
24152310
24162140
24171972
24181806
24191642
24201480
24211320
24221162
24231006
24240852
24250700
24260550
24270402
24280256
24290112
24299970
24309830
24319692
24329556
24339422
24349290
24359160
24369032
24378906
24388782
24398660
24408540
24418422
24428306
24438192
24448080
24457970
24467862
24477756
24487652
24497550
24507450
24517352
24527256
24537162
24547070
24556980
24566892
24576806
24586722
24596640
24606560
24616482
24626406
24636332
24646260
24656190
24666122
24676056
24685992
24695930
24705870
24715812
24725756
24735702
24745650
24755600
24765552
24775506
24785462
24795420
24805380
24815342
24825306
24835272
24845240
24855210
24865182
24875156
24885132
24895110
24905090
24915072
24925056
24935042
24945030
24955020
24965012
24975006
24985002
24995000
25005000
25015002
25025006
25035012
25045020
25055030
25065042
25075056
25085072
25095090
25105110
25115132
25125156
25135182
25145210
25155240
25165272
25175306
25185342
25195380
25205420
25215462
25225506
25235552
25245600
25255650
25265702
25275756
25285812
25295870
25305930
25315992
25326056
25336122
25346190
25356260
25366332
25376406
25386482
25396560
25406640
25416722
25426806
25436892
25446980
25457070
25467162
25477256
25487352
25497450
25507550
25517652
25527756
25537862
25547970
25558080
25568192
25578306
25588422
25598540
25608660
25618782
25628906
25639032
25649160
25659290
25669422
25679556
25689692
25699830
25709970
25720112
25730256
25740402
25750550
25760700
25770852
25781006
25791162
25801320
25811480
25821642
25831806
25841972
25852140
25862310
25872482
25882656
25892832
25903010
25913190
25923372
25933556
25943742
25953930
25964120
25974312
25984506
25994702
26004900
26015100
26025302
26035506
26045712
26055920
26066130
26076342
26086556
26096772
26106990
26117210
26127432
26137656
26147882
26158110
26168340
26178572
26188806
26199042
26209280
26219520
26229762
26240006
26250252
26260500
26270750
26281002
26291256
26301512
26311770
26322030
26332292
26342556
26352822
26363090
26373360
26383632
26393906
26404182
26414460
26424740
26435022
26445306
26455592
26465880
26476170
26486462
26496756
26507052
26517350
26527650
26537952
26548256
26558562
26568870
26579180
26589492
26599806
26610122
26620440
26630760
26641082
26651406
26661732
26672060
26682390
26692722
26703056
26713392
26723730
26734070
26744412
26754756
26765102
26775450
26785800
26796152
26806506
26816862
26827220
26837580
26847942
26858306
26868672
26879040
26889410
26899782
26910156
26920532
26930910
26941290
26951672
26962056
26972442
26982830
26993220
27003612
27014006
27024402
27034800
27045200
27055602
27066006
27076412
27086820
27097230
27107642
27118056
27128472
27138890
27149310
27159732
27170156
27180582
27191010
27201440
27211872
27222306
27232742
27243180
27253620
27264062
27274506
27284952
27295400
27305850
27316302
27326756
27337212
27347670
27358130
27368592
27379056
27389522
27399990
27410460
27420932
27431406
27441882
27452360
27462840
27473322
27483806
27494292
27504780
27515270
27525762
27536256
27546752
27557250
27567750
27578252
27588756
27599262
27609770
27620280
27630792
27641306
27651822
27662340
27672860
27683382
27693906
27704432
27714960
27725490
27736022
27746556
27757092
27767630
27778170
27788712
27799256
27809802
27820350
27830900
27841452
27852006
27862562
27873120
27883680
27894242
27904806
27915372
27925940
27936510
27947082
27957656
27968232
27978810
27989390
27999972
28010556
28021142
28031730
28042320
28052912
28063506
28074102
28084700
28095300
28105902
28116506
28127112
28137720
28148330
28158942
28169556
28180172
28190790
28201410
28212032
28222656
28233282
28243910
28254540
28265172
28275806
28286442
28297080
28307720
28318362
28329006
28339652
28350300
28360950
28371602
28382256
28392912
28403570
28414230
28424892
28435556
28446222
28456890
28467560
28478232
28488906
28499582
28510260
28520940
28531622
28542306
28552992
28563680
28574370
28585062
28595756
28606452
28617150
28627850
28638552
28649256
28659962
28670670
28681380
28692092
28702806
28713522
28724240
28734960
28745682
28756406
28767132
28777860
28788590
28799322
28810056
28820792
28831530
28842270
28853012
28863756
28874502
28885250
28896000
28906752
28917506
28928262
28939020
28949780
28960542
28971306
28982072
28992840
29003610
29014382
29025156
29035932
29046710
29057490
29068272
29079056
29089842
29100630
29111420
29122212
29133006
29143802
29154600
29165400
29176202
29187006
29197812
29208620
29219430
29230242
29241056
29251872
29262690
29273510
29284332
29295156
29305982
29316810
29327640
29338472
29349306
29360142
29370980
29381820
29392662
29403506
29414352
29425200
29436050
29446902
29457756
29468612
29479470
29490330
29501192
29512056
29522922
29533790
29544660
29555532
29566406
29577282
29588160
29599040
29609922
29620806
29631692
29642580
29653470
29664362
29675256
29686152
29697050
29707950
29718852
29729756
29740662
29751570
29762480
29773392
29784306
29795222
29806140
29817060
29827982
29838906
29849832
29860760
29871690
29882622
29893556
29904492
29915430
29926370
29937312
29948256
29959202
29970150
29981100
29992052
30003006
30013962
30024920
30035880
30046842
30057806
30068772
30079740
30090710
30101682
30112656
30123632
30134610
30145590
30156572
30167556
30178542
30189530
30200520
30211512
30222506
30233502
30244500
30255500
30266502
30277506
30288512
30299520
30310530
30321542
30332556
30343572
30354590
30365610
30376632
30387656
30398682
30409710
30420740
30431772
30442806
30453842
30464880
30475920
30486962
30498006
30509052
30520100
30531150
30542202
30553256
30564312
30575370
30586430
30597492
30608556
30619622
30630690
30641760
30652832
30663906
30674982
30686060
30697140
30708222
30719306
30730392
30741480
30752570
30763662
30774756
30785852
30796950
30808050
30819152
30830256
30841362
30852470
30863580
30874692
30885806
30896922
30908040
30919160
30930282
30941406
30952532
30963660
30974790
30985922
30997056
31008192
31019330
31030470
31041612
31052756
31063902
31075050
31086200
31097352
31108506
31119662
31130820
31141980
31153142
31164306
31175472
31186640
31197810
31208982
31220156
31231332
31242510
31253690
31264872
31276056
31287242
31298430
31309620
31320812
31332006
31343202
31354400
31365600
31376802
31388006
31399212
31410420
31421630
31432842
31444056
31455272
31466490
31477710
31488932
31500156
31511382
31522610
31533840
31545072
31556306
31567542
31578780
31590020
31601262
31612506
31623752
31635000
31646250
31657502
31668756
31680012
31691270
31702530
31713792
31725056
31736322
31747590
31758860
31770132
31781406
31792682
31803960
31815240
31826522
31837806
31849092
31860380
31871670
31882962
31894256
31905552
31916850
31928150
31939452
31950756
31962062
31973370
31984680
31995992
32007306
32018622
32029940
32041260
32052582
32063906
32075232
32086560
32097890
32109222
32120556
32131892
32143230
32154570
32165912
32177256
32188602
32199950
32211300
32222652
32234006
32245362
32256720
32268080
32279442
32290806
32302172
32313540
32324910
32336282
32347656
32359032
32370410
32381790
32393172
32404556
32415942
32427330
32438720
32450112
32461506
32472902
32484300
32495700
32507102
32518506
32529912
32541320
32552730
32564142
32575556
32586972
32598390
32609810
32621232
32632656
32644082
32655510
32666940
32678372
32689806
32701242
32712680
32724120
32735562
32747006
32758452
32769900
32781350
32792802
32804256
32815712
32827170
32838630
32850092
32861556
32873022
32884490
32895960
32907432
32918906
32930382
32941860
32953340
32964822
32976306
32987792
32999280
33010770
33022262
33033756
33045252
33056750
33068250
33079752
33091256
33102762
33114270
33125780
33137292
33148806
33160322
33171840
33183360
33194882
33206406
33217932
33229460
33240990
33252522
33264056
33275592
33287130
33298670
33310212
33321756
33333302
33344850
33356400
33367952
33379506
33391062
33402620
33414180
33425742
33437306
33448872
33460440
33472010
33483582
33495156
33506732
33518310
33529890
33541472
33553056
33564642
33576230
33587820
33599412
33611006
33622602
33634200
33645800
33657402
33669006
33680612
33692220
33703830
33715442
33727056
33738672
33750290
33761910
33773532
33785156
33796782
33808410
33820040
33831672
33843306
33854942
33866580
33878220
33889862
33901506
33913152
33924800
33936450
33948102
33959756
33971412
33983070
33994730
34006392
34018056
34029722
34041390
34053060
34064732
34076406
34088082
34099760
34111440
34123122
34134806
34146492
34158180
34169870
34181562
34193256
34204952
34216650
34228350
34240052
34251756
34263462
34275170
34286880
34298592
34310306
34322022
34333740
34345460
34357182
34368906
34380632
34392360
34404090
34415822
34427556
34439292
34451030
34462770
34474512
34486256
34498002
34509750
34521500
34533252
34545006
34556762
34568520
34580280
34592042
34603806
34615572
34627340
34639110
34650882
34662656
34674432
34686210
34697990
34709772
34721556
34733342
34745130
34756920
34768712
34780506
34792302
34804100
34815900
34827702
34839506
34851312
34863120
34874930
34886742
34898556
34910372
34922190
34934010
34945832
34957656
34969482
34981310
34993140
35004972
35016806
35028642
35040480
35052320
35064162
35076006
35087852
35099700
35111550
35123402
35135256
35147112
35158970
35170830
35182692
35194556
35206422
35218290
35230160
35242032
35253906
35265782
35277660
35289540
35301422
35313306
35325192
35337080
35348970
35360862
35372756
35384652
35396550
35408450
35420352
35432256
35444162
35456070
35467980
35479892
35491806
35503722
35515640
35527560
35539482
35551406
35563332
35575260
35587190
35599122
35611056
35622992
35634930
35646870
35658812
35670756
35682702
35694650
35706600
35718552
35730506
35742462
35754420
35766380
35778342
35790306
35802272
35814240
35826210
35838182
35850156
35862132
35874110
35886090
35898072
35910056
35922042
35934030
35946020
35958012
35970006
35982002
35994000
36006000
36018002
36030006
36042012
36054020
36066030
36078042
36090056
36102072
36114090
36126110
36138132
36150156
36162182
36174210
36186240
36198272
36210306
36222342
36234380
36246420
36258462
36270506
36282552
36294600
36306650
36318702
36330756
36342812
36354870
36366930
36378992
36391056
36403122
36415190
36427260
36439332
36451406
36463482
36475560
36487640
36499722
36511806
36523892
36535980
36548070
36560162
36572256
36584352
36596450
36608550
36620652
36632756
36644862
36656970
36669080
36681192
36693306
36705422
36717540
36729660
36741782
36753906
36766032
36778160
36790290
36802422
36814556
36826692
36838830
36850970
36863112
36875256
36887402
36899550
36911700
36923852
36936006
36948162
36960320
36972480
36984642
36996806
37008972
37021140
37033310
37045482
37057656
37069832
37082010
37094190
37106372
37118556
37130742
37142930
37155120
37167312
37179506
37191702
37203900
37216100
37228302
37240506
37252712
37264920
37277130
37289342
37301556
37313772
37325990
37338210
37350432
37362656
37374882
37387110
37399340
37411572
37423806
37436042
37448280
37460520
37472762
37485006
37497252
37509500
37521750
37534002
37546256
37558512
37570770
37583030
37595292
37607556
37619822
37632090
37644360
37656632
37668906
37681182
37693460
37705740
37718022
37730306
37742592
37754880
37767170
37779462
37791756
37804052
37816350
37828650
37840952
37853256
37865562
37877870
37890180
37902492
37914806
37927122
37939440
37951760
37964082
37976406
37988732
38001060
38013390
38025722
38038056
38050392
38062730
38075070
38087412
38099756
38112102
38124450
38136800
38149152
38161506
38173862
38186220
38198580
38210942
38223306
38235672
38248040
38260410
38272782
38285156
38297532
38309910
38322290
38334672
38347056
38359442
38371830
38384220
38396612
38409006
38421402
38433800
38446200
38458602
38471006
38483412
38495820
38508230
38520642
38533056
38545472
38557890
38570310
38582732
38595156
38607582
38620010
38632440
38644872
38657306
38669742
38682180
38694620
38707062
38719506
38731952
38744400
38756850
38769302
38781756
38794212
38806670
38819130
38831592
38844056
38856522
38868990
38881460
38893932
38906406
38918882
38931360
38943840
38956322
38968806
38981292
38993780
39006270
39018762
39031256
39043752
39056250
39068750
39081252
39093756
39106262
39118770
39131280
39143792
39156306
39168822
39181340
39193860
39206382
39218906
39231432
39243960
39256490
39269022
39281556
39294092
39306630
39319170
39331712
39344256
39356802
39369350
39381900
39394452
39407006
39419562
39432120
39444680
39457242
39469806
39482372
39494940
39507510
39520082
39532656
39545232
39557810
39570390
39582972
39595556
39608142
39620730
39633320
39645912
39658506
39671102
39683700
39696300
39708902
39721506
39734112
39746720
39759330
39771942
39784556
39797172
39809790
39822410
39835032
39847656
39860282
39872910
39885540
39898172
39910806
39923442
39936080
39948720
39961362
39974006
39986652
39999300
40011950
40024602
40037256
40049912
40062570
40075230
40087892
40100556
40113222
40125890
40138560
40151232
40163906
40176582
40189260
40201940
40214622
40227306
40239992
40252680
40265370
40278062
40290756
40303452
40316150
40328850
40341552
40354256
40366962
40379670
40392380
40405092
40417806
40430522
40443240
40455960
40468682
40481406
40494132
40506860
40519590
40532322
40545056
40557792
40570530
40583270
40596012
40608756
40621502
40634250
40647000
40659752
40672506
40685262
40698020
40710780
40723542
40736306
40749072
40761840
40774610
40787382
40800156
40812932
40825710
40838490
40851272
40864056
40876842
40889630
40902420
40915212
40928006
40940802
40953600
